+998941111324
+998934691109
+998990269166
+998905873302
+998932842413
+998974532023
+998996809807
+998993799033
+998919149849
+998999612123
+998905876527
+998941119768
+998995853210
+998995020210
+998995641896
+998941152498
+998939281723
+998905781093
+998975284455
+998999636915
+998999654342
+998995092026
+998904338830
+998942370826
+998904339402
+998904330697
+998999615036
+998937571302
+998994234357
+998905790498
+998904305038
+998990758560
+998999619980
+998997194167
+998941159050
+998937439050
+998937553811